InL:
1.8068265013985974 0.20262575243631908 0.6899753702829082 0.5759119186311455 0.3757682142097734 
2.3214913623135884 0.5917740718073073 0.4284735973837301 0.5340956381222924 0.5593743980154543 
0.5762678773261526 0.7352022548086274 0.3411256391632921 0.44633290916076 -0.0015313229693097036 
1.378783412504104 0.48202032733767514 1.1331167633618373 -0.15717541698224247 -0.24867563282031271 
HiL1
-0.039628307934463265 0.7874202094949263 0.17352390600625706 0.4768211409360005 0.0979295783736853 5.502694288653676 5.114073798537082 5.290301026396157 5.114989160226601 5.772015859377618 0.062332760944919775 0.10166816623438543 -0.7491298639148318 -0.10874025499217546 -0.33015718471688 -0.041476410963546956 0.4166386966890262 0.09076414413734454 0.6478877247919816 0.6125724665135396 0.6207860201081021 0.3211645639777522 -0.04536591115098193 0.12769033182844258 0.5261696688472972 
HiL2
9.484330658993375 9.424038738147454 8.858542375637203 9.079842079956558 9.734322337190456 -0.41227471967700924 0.15581276729850627 0.12638624998199358 0.15642067777519478 0.21102855892813902 -1.9693809383380774 -1.8792557623206287 -1.6394575130912463 -1.697385879498717 -1.300052626869053 1.4151918926832492 0.7765807750905123 1.3474276423226152 1.6752730634113426 1.3730435447479588 0.5880780906044444 0.017226546292777457 -0.19940633987414239 0.3818963880816745 0.5898141853777391 
HiL3
-0.07934326883194039 -0.17945026959814003 0.5998270116552211 0.07581734088324797 0.3371854101581139 1.167965327046289 1.6386368990941722 1.7188963143039275 0.9780719528825572 1.2026158642098232 1.1198696600286884 1.0673317790372978 1.3499034971700088 0.9321929558927103 1.3330411162418658 0.23261523103699022 0.09467514749356243 0.4741502013597476 0.615236728006773 0.5221938007634476 3.2441019557229707 2.607253625871959 3.475045483907926 3.332332654588349 3.3617995658275595 
HiL4
-0.6288728500835506 -0.7526133116047006 -1.176519045699953 -0.42805224086137544 -0.40281935064955526 -0.19133390252392646 -0.020283640319526192 -0.08261295341474068 -0.23097084375547994 -0.36435974490441086 -4.729982798754959 -4.323256241244741 -3.8100770330214235 -4.143847562316186 -4.228664537274174 0.17987073011514146 -0.25202407107112657 0.0147563876835454 -0.016536253525822966 0.5430617971473765 -0.18017292088648143 0.1365432889128696 0.5600271540695774 0.34305710459310407 -0.05876382774399648 
HiL5
0.18041683115722226 0.4817257943058283 0.5250233661788846 0.7089226537303928 0.41199663873036874 0.5244964333071735 0.4957745112492537 0.03380989482751599 0.5716554728279576 0.4353792211230278 2.097188787483822 2.6529604228236074 1.8400148508361223 2.5172829176295903 1.916515575331047 0.5044746085775582 0.9531806648034113 0.25631863921915937 0.6964910374029814 0.17835303666222357 1.0127980697166856 0.7597929587524154 1.1356431741445316 1.1861932049733714 0.8033778930305745 
HiL6
0.5058343692868257 0.6218396904683222 0.8768222891391002 0.3554153494307673 0.1890800350745838 0.9070136903912982 0.4052426678072707 0.8765491651912938 0.8295576284909084 0.9849136844091902 0.06345699290181078 0.3790194868768234 0.6522847347608612 0.9254100819496819 0.08367712053272897 0.5866443159526218 0.5462846970033528 0.4937593246647426 0.1218167412565509 0.42963939454065536 0.5655064359396133 0.9020394463702267 -6.377551886138365E-4 0.9532640551810418 0.5058888428172316 
HiL7
0.22674287539303742 0.7488678234241938 0.18025087894716532 0.5511238779203802 0.2258740773494952 0.1018319993878805 0.8762620896826975 0.9051367069478805 0.15077334172796986 0.659645330144102 0.1315317713616998 0.8462741476760796 0.07691009577258058 0.7857929382055036 0.7021756186803381 0.10555872623097781 0.6639634839020382 0.18269473511402112 0.5360993632381804 0.18492144089185547 0.9153284746779147 0.7927579967654063 0.2522573793161696 0.7847449523130209 0.4450154965969754 
HiL8
0.3042184651785056 0.9949505233389326 0.399776062548587 0.09656329041552411 0.7553684934973697 0.9936540748010373 0.9600519145407449 0.7422707749187273 0.7835014020334302 0.27151703639341723 0.183806118731808 0.8767466765077193 0.573493856569567 0.8472003031272253 0.19166474034880623 0.49137793555883114 0.03822198014917495 0.8644128359061625 0.04140325913077676 0.2993479750529018 0.8924657729634323 0.46270630557360953 0.627866487196955 0.3088916854010301 0.581701698523268 
HiL9
0.971947692569847 0.3274876624152144 0.8919693188396167 0.4994762959903299 0.8035361434456548 0.3143149309436459 0.6885871406796764 0.9783835227276265 0.10484054992969391 0.15088936787719487 0.9851648966209641 0.6870160633359355 0.04065929043036344 0.19172889289841596 0.038274996166072564 0.8267279308390484 0.022914120398839347 0.6267425463296451 0.26944816830761886 0.6457449498951042 0.49593351579070794 0.8541249590373515 0.16625279350399622 0.4037317935512296 0.09152436702741773 
HiL10
0.829047747131662 0.40073449280792284 0.025189074814295134 0.0022891084400181922 0.7590850172294653 0.9355811156559337 0.5292565072747498 0.9742948913513614 0.11388683251798896 0.8782554487668632 0.9288710607503504 0.25319737142355453 0.13449810133719678 0.7637150007152095 0.26284997597047083 0.3787418324866935 0.15631262939253615 0.9451642237609286 0.641771815199133 0.24882073928625817 0.3345558297206031 0.7582303464120744 0.6383762663403036 0.5157488845445242 0.2744703312159216 
HiL11
0.5267283593799356 0.12238625083468901 0.9195369162728553 0.5983791491050228 0.9724136457815571 0.22486526486567737 0.8235238806870002 0.5351459981619682 0.7756826298637572 0.1529902189359048 0.9224411727548683 0.7138389661102463 0.6686776289440794 0.40428737627894096 0.04768602672023634 0.19025748463398903 0.3100456086200001 0.17040882865968984 0.7128249663610042 0.015974320629836607 0.7563478732888583 0.8442861936722897 0.8084463846692893 0.42966436401921904 0.6248506954016364 
HiL12
0.9789284225690228 0.19874510071435747 0.35985003803139304 0.9893193199061218 0.28675742961641626 0.12239110720329795 0.45894652545579984 0.11567408807506276 0.20117871999733125 0.30795133746711356 0.38204598356804764 0.1863356647418857 -0.0329530184250808 0.33393664171125004 0.15241579762952398 0.9443972895201398 0.21627140831319944 0.001051297359695628 0.3082412130349165 0.9945058946355241 0.7805746137854263 0.6169509450489316 0.5958014072252822 0.4035301768975527 0.8046106110884051 
HiL13
0.21626960150560304 0.5706325538169038 0.8649654923270669 0.8376352988749931 0.3749771233339036 0.9276399878798866 0.39700995448928 0.031343038905718296 0.7315528340655086 0.6102621628935363 0.19839178555526943 0.33923550846113376 0.19818140227620012 0.19695144593873098 0.4016675834396866 0.8405528792582192 0.6962720749787163 0.2722497661790136 0.8491237143199128 0.5634686009351909 0.8659679201367946 0.8191026482375364 0.5031271391160507 0.5384715869733013 -0.0045092688906844215 
HiL14
0.25115518414483806 0.9787588311556259 0.6083944700327565 0.41112231357133555 0.06603833264717873 0.8522914921636549 0.9245465768749339 0.3608102799409771 0.10406981161031935 0.4130752732218114 0.29237665224782233 0.7368034028436372 0.40672530236363197 0.43768672402905545 0.5715764636177935 0.29950346404139344 0.02956292745288669 0.9789584593652335 0.7701150618213878 0.15008471139652868 0.45711734860384284 0.6329909708391541 0.7117452145136504 0.44587018961888586 0.33345550447137945 
HiL15
0.8850837341778012 0.27830286253734526 0.6709962695217365 0.1402022280256347 0.6036993638371234 0.5004017982775847 0.4957016098383361 0.18858798358411732 0.05909692257836051 0.1548794654701634 0.4597984296966405 0.14130110333049697 0.36943217215196905 0.7468791821107422 0.3735180663460537 0.07185197978378789 0.742502208921544 0.9329007466720286 0.7219987235501585 0.30020679894771884 0.4212654992226897 0.718715703188818 0.18552863829450625 0.8305116933483742 0.025966266933419843 
HiL16
-0.15483203592647732 -0.3530779806217048 -0.08366180720928959 -0.24117366444984578 -0.22799856144728325 0.7141743907405476 0.03857384959782379 0.29139806825922304 0.42691881961795847 0.17300209387260254 0.5303362141126546 0.05462776801696548 0.1435798660424045 0.8357750597217417 0.8473603866127779 0.40868912546259295 0.029969775486187882 0.7476884266803869 0.6942649633671104 0.2898101032278113 0.46168654845642243 0.6996812157490948 0.362853216715711 0.7796292357362995 0.0678468873069438 
HiL17
0.0013046951974846161 0.4965725564515445 0.8165748446483507 0.59560946563001 0.8019345343154715 0.6360424297530323 0.9586922559848279 0.6591513721207372 0.8292497213420615 0.8584319581557214 0.7444517047312307 0.24983661468391546 0.7609539696817094 0.9134477961512634 0.8113852575386541 0.9195264886321642 0.40299895931817264 0.15056148578592973 0.5180917978746609 0.6219561240311666 0.6260626064574414 0.9206236963174115 0.5185791235181313 0.8709215422753814 0.5474740146472413 
HiL18
0.24247796409102543 0.2904746504801007 0.9298544910845229 0.39592263285967266 0.009128893518297774 0.7706704950078826 0.33953759460802996 0.842885152281173 0.8519634072296495 0.016992482928018224 0.18748992104607295 0.04200001731809765 0.3585637757181121 0.7916484279605307 0.5044035307833746 0.9228547669137999 0.9796033733749792 0.6952397021699888 0.26152187385386994 0.27068051253866077 0.443309618429514 0.4605126365520317 0.17126371506344415 0.4120818914192238 0.8904671201232419 
HiL19
0.908470886771548 0.8748622340951007 0.29982076848899814 0.818786354997557 0.5642489688069714 0.1456287893041612 0.8687143076861967 0.23252640567487856 0.1836427270132723 0.3562068828901706 0.17665575291146865 0.2219596542814423 0.41715269965505286 0.3669817538541661 0.22531128379168722 0.5772831245005609 0.7982703767327101 0.7659927473332709 0.8933805347066528 0.3562232943442362 0.6590736657773518 0.3168258925403503 0.5653019679800609 0.08185331483450183 0.8896959665978739 
HiL20
0.8317432915604345 0.43269213472937423 0.6122801200560836 0.9615322527583517 0.38570140457923724 0.20588581357645416 0.7687377465133389 0.7370607776905671 0.2552422855723046 0.8442665978480375 0.44112312382655033 0.7357441188454819 0.7027878955072123 0.23179862224819284 0.5085218162647837 0.17091320821298717 0.5236132448431108 0.07957602807918583 0.2465888330788557 0.720080757566325 0.8299837364691944 0.6634707342276692 0.9847854563261509 0.6651231713102732 0.8697910365580506 
HiL21
0.9945971660555151 0.47858547820195085 0.3819560757489223 0.3669177678029173 0.0924134663448487 0.5073931691377319 0.26795149829230425 0.4497457032815242 0.45461360697274456 0.686673129481922 0.48970783622487707 0.13032572618140004 0.6883868077830979 0.6183376155712175 0.8641098816608359 0.19735451226959333 0.9820615789273685 0.5821609167777089 0.590102179048047 0.31272560537423794 0.49111960078289096 0.2910465201092225 0.22348194309919386 0.2890552603038914 0.022322499954939488 
HiL22
0.996324620790437 0.38764337331132886 0.8830662288029536 0.34825544602779485 0.28851145464055666 0.42450846450509444 0.7155977983907972 0.27601614357054477 0.9470065023485338 0.8619667670387113 0.7801514298687887 0.14509206367361357 0.4131731248003259 0.579547409287172 0.43108666787558364 0.9931620790019049 0.9158681262763423 0.1350942255212172 0.8015416749447642 0.5282145589463452 0.7191928216815489 0.22475010870442136 0.3904987408834008 0.3525140421503828 0.16684821786892412 
HiL23
0.5207343081867228 0.7999446114305505 0.34774114128351563 0.45107160907223487 0.8610644223404109 0.9672587211441084 0.15206167243788885 0.5420394203560969 0.9202364899659126 0.22772253729550232 0.11622990730970953 0.690645164099446 0.5919252486439808 0.11088868568806179 0.4772430027048088 0.6258739188165572 0.05206531716381852 0.10890011215276417 0.9456721663438312 0.8716736364679937 0.9632186766201464 0.31731820173031283 0.1837108132386676 0.4084395944898504 0.11270673874789147 
HiL24
0.49314000876306235 0.41985864502147413 0.7121901714007044 0.3899102940174139 0.5132187273374668 0.4848091313708994 0.6709133209716575 0.6819601673008376 0.4388517375647072 0.3293837284619474 0.44475436001761237 0.49509451549734185 0.04028086588942815 0.3870469947288566 0.42156511449545875 0.7027989125438823 0.7339393767530237 0.6563258105517483 0.2543693305248732 0.8381789313167053 0.2629542103866226 0.9774979219066517 0.8866960590404293 0.8913399721061398 0.5256158413121875 
Hil25
0.5008980412082679 -0.15647317850530154 0.5309421554650215 -0.023179782479297147 0.3189491981939958 
